name: ORTHOFINDER
channels:
  - bioconda
  - conda-forge
  - defaults
dependencies:
  - _libgcc_mutex=0.1=conda_forge
  - _openmp_mutex=4.5=2_gnu
  - aria2=1.36.0=h1e4e653_3
  - blast=2.13.0=hf3cf87c_0
  - brotlipy=0.7.0=py311hd4cff14_1005
  - bzip2=1.0.8=h7f98852_4
  - c-ares=1.18.1=h7f98852_0
  - ca-certificates=2022.12.7=ha878542_0
  - certifi=2022.12.7=pyhd8ed1ab_0
  - cffi=1.15.1=py311h409f033_3
  - charset-normalizer=3.1.0=pyhd8ed1ab_0
  - cryptography=40.0.2=py311h9b4c7bb_0
  - curl=7.88.1=hdc1c0ab_1
  - diamond=2.1.6=h5b5514e_1
  - entrez-direct=16.2=he881be0_1
  - fastme=2.1.6.1=hec16e2b_1
  - fasttree=2.1.11=hec16e2b_1
  - gawk=5.1.0=h7f98852_0
  - gettext=0.21.1=h27087fc_0
  - gmp=6.2.1=h58526e2_0
  - icu=72.1=hcb278e6_0
  - idna=3.4=pyhd8ed1ab_0
  - iqtree=2.2.2.3=hb97b32f_0
  - keyutils=1.6.1=h166bdaf_0
  - krb5=1.20.1=h81ceb04_0
  - ld_impl_linux-64=2.40=h41732ed_0
  - libblas=3.9.0=16_linux64_openblas
  - libcblas=3.9.0=16_linux64_openblas
  - libcurl=7.88.1=hdc1c0ab_1
  - libedit=3.1.20191231=he28a2e2_2
  - libev=4.33=h516909a_1
  - libexpat=2.5.0=hcb278e6_1
  - libffi=3.4.2=h7f98852_5
  - libgcc-ng=12.2.0=h65d4601_19
  - libgfortran-ng=12.2.0=h69a702a_19
  - libgfortran5=12.2.0=h337968e_19
  - libgomp=12.2.0=h65d4601_19
  - libiconv=1.17=h166bdaf_0
  - libidn2=2.3.4=h166bdaf_0
  - liblapack=3.9.0=16_linux64_openblas
  - libnghttp2=1.52.0=h61bc06f_0
  - libnsl=2.0.0=h7f98852_0
  - libopenblas=0.3.21=pthreads_h78a6416_3
  - libsqlite=3.40.0=h753d276_0
  - libssh2=1.10.0=hf14f497_3
  - libstdcxx-ng=12.2.0=h46fd767_19
  - libunistring=0.9.10=h7f98852_0
  - libuuid=2.38.1=h0b41bf4_0
  - libxml2=2.10.4=hfdac1af_0
  - libzlib=1.2.13=h166bdaf_4
  - mafft=7.520=hec16e2b_0
  - mcl=14.137=pl5321hec16e2b_8
  - mmseqs2=14.7e284=pl5321hf1761c0_0
  - mpi=1.0=openmpi
  - muscle=5.1=h9f5acd7_1
  - ncurses=6.3=h27087fc_1
  - numpy=1.24.2=py311h8e6699e_0
  - openmpi=4.1.5=h414af15_101
  - openssl=3.1.0=h0b41bf4_0
  - orthofinder=2.5.4=hdfd78af_0
  - packaging=23.1=pyhd8ed1ab_0
  - pcre=8.45=h9c3ff4c_0
  - perl=5.32.1=2_h7f98852_perl5
  - perl-archive-tar=2.40=pl5321hdfd78af_0
  - perl-carp=1.38=pl5321hdfd78af_4
  - perl-common-sense=3.75=pl5321hdfd78af_0
  - perl-compress-raw-bzip2=2.201=pl5321h87f3376_1
  - perl-compress-raw-zlib=2.105=pl5321h87f3376_0
  - perl-encode=3.19=pl5321hec16e2b_1
  - perl-exporter=5.72=pl5321hdfd78af_2
  - perl-exporter-tiny=1.002002=pl5321hdfd78af_0
  - perl-extutils-makemaker=7.70=pl5321hd8ed1ab_0
  - perl-io-compress=2.201=pl5321h87f3376_0
  - perl-io-zlib=1.14=pl5321hdfd78af_0
  - perl-json=4.10=pl5321hdfd78af_0
  - perl-json-xs=2.34=pl5321h9f5acd7_5
  - perl-list-moreutils=0.430=pl5321hdfd78af_0
  - perl-list-moreutils-xs=0.430=pl5321hec16e2b_1
  - perl-parent=0.236=pl5321hdfd78af_2
  - perl-pathtools=3.75=pl5321hec16e2b_3
  - perl-scalar-list-utils=1.62=pl5321hec16e2b_1
  - perl-types-serialiser=1.01=pl5321hdfd78af_0
  - pip=23.1=pyhd8ed1ab_0
  - platformdirs=3.2.0=pyhd8ed1ab_0
  - pooch=1.7.0=pyha770c72_3
  - pycparser=2.21=pyhd8ed1ab_0
  - pyopenssl=23.1.1=pyhd8ed1ab_0
  - pysocks=1.7.1=pyha2e5f31_6
  - python=3.11.3=h2755cc3_0_cpython
  - python_abi=3.11=3_cp311
  - raxml=8.2.12=hec16e2b_4
  - raxml-ng=1.1.0=h22e3c99_1
  - readline=8.2=h8228510_1
  - requests=2.28.2=pyhd8ed1ab_1
  - scipy=1.10.1=py311h8e6699e_0
  - setuptools=67.7.1=pyhd8ed1ab_0
  - tk=8.6.12=h27826a3_0
  - typing-extensions=4.5.0=hd8ed1ab_0
  - typing_extensions=4.5.0=pyha770c72_0
  - tzdata=2023c=h71feb2d_0
  - urllib3=1.26.15=pyhd8ed1ab_0
  - wget=1.20.3=ha35d2d1_1
  - wheel=0.40.0=pyhd8ed1ab_0
  - xz=5.2.6=h166bdaf_0
  - zlib=1.2.13=h166bdaf_4
  - zstd=1.5.2=h3eb15da_6
